"","nation","ctry","firstTest","firstTestYr","yearsSinceLastFirstTest","nuclearWeapons","nYieldNA","nLowYield","nMidYield","nHighYield","popM","popYr","GDP_B","GDPyr"
"1","US","US",1945-07-16,1945.53698630137,NA,6550,3830,0,0,2720,328.2,2019,21439,2019
"2","Russia","RU",1949-08-29,1949.65753424658,4.12054794520554,6490,4509,92,0,1889,146.7,2020,1657,2020
"3","UK","GB",1952-10-03,1952.75409836066,3.09656411408037,225,0,0,0,225,67.5,2019,2744,2019
"4","France","FR",1960-02-13,1960.1174863388,7.3633879781421,300,60,0,0,240,67,2019,2771,2020
"5","China","CN",1964-10-16,1964.78961748634,4.67213114754099,280,46,0,0,234,1427.6,2018,14140,2019
"6","India","IN",1974-05-18,1974.37534246575,9.58572497941464,130,48,38,44,0,1352.6,2018,2936,219
"7","Israel","IL",1979-09-22,1979.72328767123,5.34794520547939,80,80,0,0,0,9.1,2020,390.656,2019
"8","Pakistan","PK",1998-05-28,1998.40273972603,18.6794520547946,150,72,78,0,0,207.8,2017,284.2,2019
"9","North Korea ","KP",2006-10-09,2006.7698630137,8.36712328767112,20,20,0,0,0,25.5,2018,30,2017
